26563 16023
16179 16239
11184 14354
14673 1053
3381 10160
6094 27018
28174 27659
23200 19691
24808 9670
9339 11475
29068 13424
21093 438
3772 6172
30011 10923
21874 28632
1680 2784
1512 22401
3890 23456
4975 31171
3125 6833
24905 4137
5512 12984
29044 3185
24173 30883
14232 3494
7509 16642
9852 12178
16840 22909
20071 27732
3329 19801
5216 12599
8858 25876
7135 3401
29598 13003
17716 3742
24581 10371
27959 27474
22283 7398
17486 319
3396 32699
29059 22548
11241 20780
17553 18824
8104 27324
1684 27014
3564 16388
28261 14121
4743 29474
27915 29835
28322 25034
18789 14097
24423 8728
25686 30146
13186 17547
10403 8868
21516 31601
19906 12044
22771 19499
16858 31370
31979 21331
11726 17768
16080 23565
30455 3747
10146 3911
15131 6261
18011 14695
17514 4525
13344 20174
18717 13902
30808 24624
3087 14047
7549 12180
15455 7908
17924 25567
29293 2550
3373 13684
4263 941
4390 4066
26037 1806
24506 19211
21057 11762
6333 14966
8968 31985
25670 12599
7810 10691
26687 1945
535 23907
10366 8945
4753 5287
28304 16487
11653 31592
2929 21455
25797 17797
8207 18702
16231 15757
32018 26573
26522 26309
9268 29869
10991 14266
9553 2941
